4957.000346312 0.000000000 
4957.001052838 0.000000000 
4957.002027340 0.000000000 
4957.003035466 0.000000000 
4957.004068146 0.000000000 
4957.005024970 0.000000000 
4957.006026273 0.000000000 
4957.007023334 0.000000000 
4957.008141276 0.000000000 
4957.009101549 0.000000000 
4957.010032694 0.000000000 
4957.011025519 0.000000000 
4957.012143992 0.000000000 
4957.013107035 0.000000000 
4957.014163024 0.000000000 
4957.015108910 0.000000000 
4957.016122003 0.000000000 
4957.017113986 0.000000000 
4957.018111822 0.000000000 
4957.019111624 0.000000000 
4957.020248804 0.000000000 
4957.021122697 0.000000000 
4957.022097415 0.000000000 
4957.023047969 0.000000000 
4957.024052386 0.000000000 
4957.025025852 0.000000000 
4957.026077643 0.000000000 
4957.027017895 0.000000000 
4957.028065754 0.000000000 
4957.029055266 0.000000000 
4957.030035579 0.000000000 
4957.031071157 0.000000000 
4957.032115863 0.000000000 
4957.033102746 0.000000000 
4957.034105110 0.000000000 
4957.035100957 0.000000000 
4957.036113464 0.000000000 
4957.037213733 0.000000000 
4957.038104161 0.000000000 
4957.039241191 0.000000000 
4957.040166583 0.000000000 
4957.041245556 0.000000000 
4957.042110565 0.000000000 
4957.043030053 0.000000000 
4957.044071333 0.000000000 
4957.045023782 0.000000000 
4957.046081080 0.000000000 
4957.047102535 0.000000000 
4957.048138213 0.000000000 
4957.049108054 0.000000000 
4957.050106745 0.000000000 
4957.051100317 0.000000000 
4957.052111581 0.000000000 
4957.053100838 0.000000000 
4957.054213004 0.000000000 
4957.055113121 0.000000000 
4957.056257961 0.000000000 
4957.057109556 0.000000000 
4957.058248131 0.000000000 
4957.059112267 0.000000000 
4957.060030796 0.000000000 
4957.061032620 0.000000000 
4957.062105536 0.000000000 
4957.063100982 0.000000000 
4957.064077985 0.000000000 
4957.065103088 0.000000000 
4957.066105058 0.000000000 
4957.067105678 0.000000000 
4957.068113811 0.000000000 
4957.069106099 0.000000000 
4957.070226908 0.000000000 
4957.071106834 0.000000000 
4957.072288334 0.000000000 
4957.073113346 0.000000000 
4957.074252036 0.000000000 
4957.075114672 0.000000000 
4957.076128491 0.000000000 
4957.077031170 0.000000000 
4957.078024107 0.000000000 
4957.079101333 0.000000000 
4957.080116522 0.000000000 
4957.081103550 0.000000000 
4957.082100807 0.000000000 
4957.083105373 0.000000000 
4957.084112002 0.000000000 
4957.085105928 0.000000000 
4957.086102972 0.000000000 
4957.087221914 0.000000000 
4957.088162041 0.000000000 
4957.089104625 0.000000000 
4957.090249163 0.000000000 
4957.091103318 0.000000000 
4957.092248520 0.000000000 
4957.093045127 0.000000000 
4957.094053485 0.000000000 
4957.095111099 0.000000000 
4957.096084844 0.000000000 
4957.097020423 0.000000000 
4957.098077389 0.000000000 
4957.099037728 0.000000000 
4957.100138712 0.000000000 
4957.101093894 0.000000000 
4957.102095022 0.000000000 
4957.103092750 0.000000000 
4957.104124595 0.000000000 
4957.105093121 0.000000000 
4957.106097162 0.000000000 
4957.107262248 0.000000000 
4957.108148516 0.000000000 
4957.109103848 0.000000000 
4957.110044201 0.000000000 
4957.111024684 0.000000000 
4957.112105760 0.000000000 
4957.113100588 0.000000000 
4957.114098329 0.000000000 
4957.115103629 0.000000000 
4957.116100632 0.000000000 
4957.117097235 0.000000000 
4957.118099094 0.000000000 
4957.119101906 0.000000000 
4957.120221042 0.000000000 
4957.121097451 0.000000000 
4957.122223143 0.000000000 
4957.123104272 0.000000000 
4957.124251961 0.000000000 
4957.125109044 0.000000000 
4957.126247276 0.000000000 
4957.127029911 0.000000000 
4957.128030951 0.000000000 
4957.129100062 0.000000000 
4957.130096932 0.000000000 
4957.131100419 0.000000000 
4957.132101022 0.000000000 
4957.133097156 0.000000000 
4957.134099018 0.000000000 
4957.135096814 0.000000000 
4957.136103025 0.000000000 
4957.137097180 0.000000000 
4957.138259974 0.000000000 
4957.139104574 0.000000000 
4957.140250162 0.000000000 
4957.141103001 0.000000000 
4957.142240927 0.000000000 
4957.143024121 0.000000000 
4957.144064980 0.000000000 
4957.145104155 0.000000000 
4957.146025533 0.000000000 
4957.147100082 0.000000000 
4957.148027647 0.000000000 
4957.149097080 0.000000000 
4957.150099368 0.000000000 
4957.151098286 0.000000000 
4957.152097848 0.000000000 
4957.153092641 0.000000000 
4957.154216562 0.000000000 
4957.155094603 0.000000000 
4957.156285543 0.000000000 
4957.157103815 0.000000000 
4957.158244033 0.000000000 
4957.159105205 0.000000000 
4957.160054189 0.000000000 
4957.161023029 0.000000000 
4957.162110796 0.000000000 
4957.163110208 0.000000000 
4957.164105260 0.000000000 
4957.165105585 0.000000000 
4957.166016485 0.000000000 
4957.167220681 0.000000000 
4957.168163814 0.000000000 
4957.169101047 0.000000000 
4957.170095093 0.000000000 
4957.171095681 0.000000000 
4957.172192002 0.000000000 
4957.173102843 0.000000000 
4957.174252555 0.000000000 
4957.175108369 0.000000000 
4957.176297559 0.000000000 
4957.177028747 0.000000000 
4957.178031316 0.000000000 
4957.179103982 0.000000000 
4957.180134474 0.000000000 
4957.181096352 0.000000000 
4957.182098428 0.000000000 
4957.183097173 0.000000000 
4957.184106015 0.000000000 
4957.185098452 0.000000000 
4957.186217494 0.000000000 
4957.187099640 0.000000000 
4957.188231703 0.000000000 
4957.189102888 0.000000000 
4957.190241230 0.000000000 
4957.191108086 0.000000000 
4957.192249085 0.000000000 
4957.193024948 0.000000000 
4957.194027802 0.000000000 
4957.195108360 0.000000000 
4957.196086048 0.000000000 
4957.197083129 0.000000000 
4957.198074201 0.000000000 
4957.199097391 0.000000000 
4957.200140668 0.000000000 
4957.201101756 0.000000000 
4957.202103223 0.000000000 
4957.203096147 0.000000000 
4957.204134108 0.000000000 
4957.205100804 0.000000000 
4957.206102405 0.000000000 
4957.207251675 0.000000000 
4957.208158926 0.000000000 
4957.209233889 0.000000000 
4957.210041378 0.000000000 
4957.211084380 0.000000000 
4957.212137717 0.000000000 
4957.213106984 0.000000000 
4957.214102682 0.000000000 
4957.215097134 0.000000000 
4957.216097370 0.000000000 
4957.217098576 0.000000000 
4957.218097849 0.000000000 
4957.219096594 0.000000000 
4957.220100360 0.000000000 
4957.221218481 0.000000000 
4957.222097057 0.000000000 
4957.223248320 0.000000000 
4957.224109566 0.000000000 
4957.225250143 0.000000000 
4957.226101754 0.000000000 
4957.227027882 0.000000000 
4957.228084011 0.000000000 
4957.229101589 0.000000000 
4957.230098684 0.000000000 
4957.231101021 0.000000000 
4957.232102337 0.000000000 
4957.233096713 0.000000000 
4957.234098916 0.000000000 
4957.235101417 0.000000000 
4957.236100906 0.000000000 
4957.237220876 0.000000000 
4957.238097502 0.000000000 
4957.239252125 0.000000000 
4957.240108468 0.000000000 
4957.241245539 0.000000000 
4957.242103903 0.000000000 
4957.243021642 0.000000000 
4957.244043787 0.000000000 
4957.245095061 0.000000000 
4957.246075457 0.000000000 
4957.247097352 0.000000000 
4957.248102239 0.000000000 
4957.249096884 0.000000000 
4957.250100614 0.000000000 
4957.251096754 0.000000000 
4957.252100334 0.000000000 
4957.253092894 0.000000000 
4957.254092946 0.000000000 
4957.255097384 0.000000000 
4957.256053319 0.000000000 
4957.257017453 0.000000000 
4957.258014856 0.000000000 
4957.259017659 0.000000000 
4957.260018061 0.000000000 
4957.261017966 0.000000000 
4957.262014736 0.000000000 
4957.263024956 0.000000000 
4957.264021849 0.000000000 
4957.265016338 0.000000000 
4957.266019980 0.000000000 
4957.267018017 0.000000000 
4957.268045264 0.000000000 
4957.269022193 0.000000000 
4957.270016983 0.000000000 
4957.271014989 0.000000000 
4957.272016418 0.000000000 
4957.273020849 0.000000000 
4957.274014485 0.000000000 
4957.275014186 0.000000000 
4957.276012500 0.000000000 
4957.277015165 0.000000000 
4957.278018805 0.000000000 
4957.279015236 0.000000000 
4957.280015548 0.000000000 
4957.281015321 0.000000000 
4957.282014913 0.000000000 
4957.283014835 0.000000000 
4957.284015580 0.000000000 
4957.285013075 0.000000000 
4957.286014659 0.000000000 
4957.287008885 0.000000000 
4957.288009092 0.000000000 
4957.289009251 0.000000000 
4957.290009187 0.000000000 
4957.291008973 0.000000000 
4957.292006504 0.000000000 
4957.293007611 0.000000000 
4957.294007827 0.000000000 
4957.295006407 0.000000000 
4957.296009478 0.000000000 
4957.297004944 0.000000000 
4957.298005570 0.000000000 
4957.299004604 0.000000000 
4957.300017580 0.000000000 
4957.301004485 0.000000000 
4957.302003254 0.000000000 
4957.303003647 0.000000000 
4957.304009090 0.000000000 
4957.305003714 0.000000000 
4957.306003507 0.000000000 
4957.307006310 0.000000000 
4957.308007379 0.000000000 
4957.309003076 0.000000000 
4957.310004226 0.000000000 
4957.311003033 0.000000000 
4957.312007293 0.000000000 
4957.313003453 0.000000000 
4957.314003111 0.000000000 
4957.315003072 0.000000000 
4957.316003187 0.000000000 
4957.317003032 0.000000000 
4957.318002957 0.000000000 
4957.319003061 0.000000000 
4957.320003110 0.000000000 
4957.321003010 0.000000000 
4957.322002971 0.000000000 
4957.323003008 0.000000000 
4957.324002969 0.000000000 
4957.325002910 0.000000000 
4957.326003185 0.000000000 
4957.327004120 0.000000000 
4957.328003032 0.000000000 
4957.329002975 0.000000000 
4957.330003182 0.000000000 
4957.331003000 0.000000000 
4957.332003206 0.000000000 
4957.333002945 0.000000000 
4957.334002879 0.000000000 
4957.335376781 0.000000000 
4957.336242262 0.000000000 
4957.337234889 0.000000000 
4957.338219295 0.000000000 
4957.339218284 0.000000000 
4957.340216746 0.000000000 
4957.341216383 0.000000000 
4957.342215631 0.000000000 
4957.343005521 0.000000000 
4957.344009595 0.000000000 
4957.345216052 0.000000000 
4957.346206765 0.000000000 
4957.347229318 0.000000000 
4957.348230160 0.000000000 
4957.349217471 0.000000000 
4957.350214426 0.000000000 
4957.351217834 0.000000000 
4957.352216701 0.000000000 
4957.353213901 0.000000000 
4957.354213311 0.000000000 
4957.355214461 0.000000000 
4957.356228852 0.000000000 
4957.357219431 0.000000000 
4957.358220922 0.000000000 
4957.359219982 0.000000000 
4957.360034759 0.000000000 
4957.361224113 0.000000000 
4957.362221803 0.000000000 
4957.363014450 0.000000000 
4957.364237457 0.000000000 
4957.365219783 0.000000000 
4957.366220434 0.000000000 
4957.367223098 0.000000000 
4957.368220313 0.000000000 
4957.369217638 0.000000000 
4957.370218923 0.000000000 
4957.371220229 0.000000000 
4957.372185683 0.000000000 
4957.373191966 0.000000000 
4957.374184967 0.000000000 
4957.375183975 0.000000000 
4957.376197545 0.000000000 
4957.377151795 0.000000000 
4957.378157869 0.000000000 
4957.379159214 0.000000000 
4957.380161351 0.000000000 
4957.381159529 0.000000000 
4957.382135461 0.000000000 
4957.383134745 0.000000000 
4957.384038240 0.000000000 
4957.385041444 0.000000000 
4957.386038105 0.000000000 
4957.387039962 0.000000000 
4957.388043812 0.000000000 
4957.389039821 0.000000000 
4957.390041998 0.000000000 
4957.391039604 0.000000000 
4957.392038288 0.000000000 
4957.393007457 0.000000000 
4957.394101047 0.000000000 
4957.395103765 0.000000000 
4957.396077914 0.000000000 
4957.397092202 0.000000000 
4957.398083080 0.000000000 
4957.399081825 0.000000000 
4957.400116929 0.000000000 
4957.401086860 0.000000000 
4957.402093208 0.000000000 
4957.403211834 0.000000000 
4957.404122763 0.000000000 
4957.405219283 0.000000000 
4957.406091855 0.000000000 
4957.407090450 0.000000000 
4957.408137487 0.000000000 
4957.409091595 0.000000000 
4957.410022825 0.000000000 
4957.411021675 0.000000000 
4957.412133700 0.000000000 
4957.413092698 0.000000000 
4957.414097416 0.000000000 
4957.415096142 0.000000000 
4957.416136338 0.000000000 
4957.417094109 0.000000000 
4957.418096735 0.000000000 
4957.419092664 0.000000000 
4957.420212593 0.000000000 
4957.421096756 0.000000000 
4957.422266737 0.000000000 
4957.423104246 0.000000000 
4957.424247247 0.000000000 
4957.425102528 0.000000000 
4957.426227829 0.000000000 
4957.427025409 0.000000000 
4957.428052641 0.000000000 
4957.429096591 0.000000000 
4957.430096409 0.000000000 
4957.431099732 0.000000000 
4957.432105784 0.000000000 
4957.433098712 0.000000000 
4957.434096544 0.000000000 
4957.435095564 0.000000000 
4957.436213961 0.000000000 
4957.437097538 0.000000000 
4957.438213952 0.000000000 
4957.439097023 0.000000000 
4957.440251286 0.000000000 
4957.441103698 0.000000000 
4957.442236904 0.000000000 
4957.443042491 0.000000000 
4957.444067934 0.000000000 
4957.445096906 0.000000000 
4957.446079052 0.000000000 
4957.447099724 0.000000000 
4957.448101222 0.000000000 
4957.449061290 0.000000000 
4957.450096112 0.000000000 
4957.451098760 0.000000000 
4957.452099237 0.000000000 
4957.453096764 0.000000000 
4957.454214592 0.000000000 
4957.455096379 0.000000000 
4957.456227847 0.000000000 
4957.457102920 0.000000000 
4957.458247129 0.000000000 
4957.459103333 0.000000000 
4957.460055330 0.000000000 
4957.461029697 0.000000000 
4957.462093818 0.000000000 
4957.463096356 0.000000000 
4957.464129442 0.000000000 
4957.465103088 0.000000000 
4957.466096980 0.000000000 
4957.467098309 0.000000000 
4957.468099301 0.000000000 
4957.469096027 0.000000000 
4957.470218466 0.000000000 
4957.471097190 0.000000000 
4957.472230555 0.000000000 
4957.473107591 0.000000000 
4957.474104176 0.000000000 
4957.475247628 0.000000000 
4957.476091451 0.000000000 
4957.477026844 0.000000000 
4957.478022015 0.000000000 
4957.479104368 0.000000000 
4957.480112458 0.000000000 
4957.481104060 0.000000000 
4957.482103561 0.000000000 
4957.483107932 0.000000000 
4957.484105643 0.000000000 
4957.485097705 0.000000000 
4957.486097262 0.000000000 
4957.487219226 0.000000000 
4957.488103076 0.000000000 
4957.489245235 0.000000000 
4957.490110264 0.000000000 
4957.491244876 0.000000000 
4957.492126130 0.000000000 
4957.493080207 0.000000000 
4957.494030144 0.000000000 
4957.495083639 0.000000000 
4957.496034572 0.000000000 
4957.497103670 0.000000000 
4957.498018036 0.000000000 
4957.499228875 0.000000000 
4957.500165822 0.000000000 
4957.501096401 0.000000000 
4957.502102194 0.000000000 
4957.503102817 0.000000000 
4957.504193321 0.000000000 
4957.505116805 0.000000000 
4957.506109558 0.000000000 
4957.507281680 0.000000000 
4957.508163981 0.000000000 
4957.509248257 0.000000000 
4957.510027273 0.000000000 
4957.511025935 0.000000000 
4957.512025129 0.000000000 
4957.513021188 0.000000000 
4957.514018234 0.000000000 
4957.515017692 0.000000000 
4957.516018589 0.000000000 
4957.517017995 0.000000000 
4957.518017425 0.000000000 
4957.519017244 0.000000000 
4957.520016185 0.000000000 
4957.521014966 0.000000000 
4957.522014742 0.000000000 
4957.523014904 0.000000000 
4957.524015553 0.000000000 
4957.525014507 0.000000000 
4957.526013030 0.000000000 
4957.527021814 0.000000000 
4957.528018668 0.000000000 
4957.529015369 0.000000000 
4957.530015211 0.000000000 
4957.531014909 0.000000000 
4957.532016379 0.000000000 
4957.533014621 0.000000000 
4957.534014946 0.000000000 
4957.535015069 0.000000000 
4957.536015577 0.000000000 
4957.537008916 0.000000000 
4957.538009083 0.000000000 
4957.539008841 0.000000000 
4957.540013034 0.000000000 
4957.541008818 0.000000000 
4957.542006211 0.000000000 
4957.543007811 0.000000000 
4957.544007921 0.000000000 
4957.545006472 0.000000000 
4957.546006832 0.000000000 
4957.547005050 0.000000000 
4957.548005177 0.000000000 
4957.549005028 0.000000000 
4957.550004982 0.000000000 
4957.551005038 0.000000000 
4957.552004211 0.000000000 
4957.553004198 0.000000000 
4957.554004133 0.000000000 
4957.555004381 0.000000000 
4957.556004313 0.000000000 
4957.557003429 0.000000000 
4957.558003330 0.000000000 
4957.559003364 0.000000000 
4957.560004831 0.000000000 
4957.561003535 0.000000000 
4957.562003045 0.000000000 
4957.563003119 0.000000000 
4957.564003155 0.000000000 
4957.565003086 0.000000000 
4957.566003131 0.000000000 
4957.567002935 0.000000000 
4957.568003171 0.000000000 
4957.569002949 0.000000000 
4957.570003039 0.000000000 
4957.571002990 0.000000000 
4957.572003152 0.000000000 
4957.573002895 0.000000000 
4957.574002929 0.000000000 
4957.575002845 0.000000000 
4957.576002746 0.000000000 
4957.577004207 0.000000000 
4957.578003005 0.000000000 
4957.579002989 0.000000000 
4957.580003080 0.000000000 
4957.581003101 0.000000000 
4957.582003061 0.000000000 
4957.583002897 0.000000000 
4957.584003492 0.000000000 
4957.585002965 0.000000000 
4957.586002975 0.000000000 
4957.587358351 0.000000000 
4957.588236431 0.000000000 
4957.589217456 0.000000000 
4957.590216762 0.000000000 
4957.591221850 0.000000000 
4957.592220759 0.000000000 
4957.593005707 0.000000000 
4957.594008585 0.000000000 
4957.595226591 0.000000000 
4957.596204531 0.000000000 
4957.597211969 0.000000000 
4957.598232340 0.000000000 
4957.599210767 0.000000000 
4957.600212877 0.000000000 
4957.601210648 0.000000000 
4957.602211901 0.000000000 
4957.603211085 0.000000000 
4957.604227916 0.000000000 
4957.605211328 0.000000000 
4957.606212734 0.000000000 
4957.607216842 0.000000000 
4957.608222377 0.000000000 
4957.609218859 0.000000000 
4957.610012921 0.000000000 
4957.611217313 0.000000000 
4957.612217842 0.000000000 
4957.613021280 0.000000000 
4957.614213849 0.000000000 
4957.615206722 0.000000000 
4957.616222462 0.000000000 
4957.617211479 0.000000000 
4957.618227051 0.000000000 
4957.619211748 0.000000000 
4957.620227953 0.000000000 
4957.621216108 0.000000000 
4957.622213480 0.000000000 
4957.623043158 0.000000000 
4957.624005903 0.000000000 
4957.625222694 0.000000000 
4957.626003684 0.000000000 
4957.627017210 0.000000000 
4957.628138492 0.000000000 
4957.629185811 0.000000000 
4957.630089987 0.000000000 
4957.631172786 0.000000000 
4957.632160846 0.000000000 
4957.633159733 0.000000000 
4957.634158686 0.000000000 
4957.635157353 0.000000000 
4957.636160065 0.000000000 
4957.637136691 0.000000000 
4957.638139337 0.000000000 
4957.639254147 0.000000000 
4957.640164691 0.000000000 
4957.641144409 0.000000000 
4957.642273059 0.000000000 
4957.643007875 0.000000000 
4957.644035478 0.000000000 
4957.645115511 0.000000000 
4957.646094172 0.000000000 
4957.647097951 0.000000000 
4957.648102533 0.000000000 
4957.649095067 0.000000000 
4957.650096314 0.000000000 
4957.651097987 0.000000000 
4957.652090142 0.000000000 
4957.653209053 0.000000000 
4957.654088612 0.000000000 
4957.655214543 0.000000000 
4957.656102942 0.000000000 
4957.657232779 0.000000000 
4957.658093960 0.000000000 
4957.659230288 0.000000000 
4957.660047932 0.000000000 
4957.661020574 0.000000000 
4957.662095977 0.000000000 
4957.663097056 0.000000000 
4957.664105640 0.000000000 
4957.665096388 0.000000000 
4957.666093800 0.000000000 
4957.667096309 0.000000000 
4957.668140223 0.000000000 
4957.669093318 0.000000000 
4957.670094499 0.000000000 
4957.671095053 0.000000000 
4957.672165402 0.000000000 
4957.673101734 0.000000000 
4957.674102185 0.000000000 
4957.675227922 0.000000000 
4957.676127635 0.000000000 
4957.677031310 0.000000000 
4957.678065951 0.000000000 
4957.679092758 0.000000000 
4957.680136375 0.000000000 
4957.681097639 0.000000000 
4957.682098795 0.000000000 
4957.683097452 0.000000000 
4957.684106711 0.000000000 
4957.685096614 0.000000000 
4957.686219092 0.000000000 
4957.687098498 0.000000000 
4957.688231168 0.000000000 
4957.689105868 0.000000000 
4957.690234049 0.000000000 
4957.691107006 0.000000000 
4957.692254869 0.000000000 
4957.693020372 0.000000000 
4957.694025284 0.000000000 
4957.695098018 0.000000000 
4957.696077471 0.000000000 
4957.697099288 0.000000000 
4957.698100073 0.000000000 
4957.699096961 0.000000000 
4957.700062355 0.000000000 
4957.701221303 0.000000000 
4957.702097352 0.000000000 
4957.703099208 0.000000000 
4957.704232558 0.000000000 
4957.705099720 0.000000000 
4957.706241301 0.000000000 
4957.707100107 0.000000000 
4957.708249443 0.000000000 
4957.709107311 0.000000000 
4957.710023996 0.000000000 
4957.711030285 0.000000000 
4957.712104046 0.000000000 
4957.713105256 0.000000000 
4957.714103604 0.000000000 
4957.715105781 0.000000000 
4957.716106066 0.000000000 
4957.717098163 0.000000000 
4957.718097299 0.000000000 
4957.719099970 0.000000000 
4957.720114023 0.000000000 
4957.721219781 0.000000000 
4957.722097316 0.000000000 
4957.723245671 0.000000000 
4957.724112897 0.000000000 
4957.725106418 0.000000000 
4957.726094188 0.000000000 
4957.727063533 0.000000000 
4957.728065968 0.000000000 
4957.729098770 0.000000000 
4957.730099335 0.000000000 
4957.731096524 0.000000000 
4957.732103536 0.000000000 
4957.733096984 0.000000000 
4957.734097229 0.000000000 
4957.735100041 0.000000000 
4957.736100084 0.000000000 
4957.737222454 0.000000000 
4957.738097751 0.000000000 
4957.739240612 0.000000000 
4957.740107677 0.000000000 
4957.741245210 0.000000000 
4957.742102900 0.000000000 
4957.743051739 0.000000000 
4957.744059798 0.000000000 
4957.745107691 0.000000000 
4957.746085300 0.000000000 
4957.747106176 0.000000000 
4957.748105102 0.000000000 
4957.749105560 0.000000000 
4957.750114499 0.000000000 
4957.751098587 0.000000000 
4957.752218780 0.000000000 
4957.753094179 0.000000000 
4957.754226534 0.000000000 
4957.755103202 0.000000000 
4957.756230936 0.000000000 
4957.757105647 0.000000000 
4957.758237579 0.000000000 
4957.759107944 0.000000000 
4957.760064847 0.000000000 
4957.761029643 0.000000000 
4957.762104186 0.000000000 
4957.763101320 0.000000000 
4957.764113773 0.000000000 
4957.765100611 0.000000000 
4957.766106879 0.000000000 
4957.767080146 0.000000000 
4957.768020646 0.000000000 
4957.769017406 0.000000000 
4957.770015529 0.000000000 
4957.771015824 0.000000000 
4957.772016444 0.000000000 
4957.773013344 0.000000000 
4957.774012787 0.000000000 
4957.775012737 0.000000000 
4957.776065428 0.000000000 
4957.777020536 0.000000000 
4957.778024293 0.000000000 
4957.779016654 0.000000000 
4957.780016752 0.000000000 
4957.781013596 0.000000000 
4957.782013255 0.000000000 
4957.783013557 0.000000000 
4957.784020498 0.000000000 
4957.785013720 0.000000000 
4957.786013654 0.000000000 
4957.787013666 0.000000000 
4957.788014936 0.000000000 
4957.789011527 0.000000000 
4957.790011272 0.000000000 
4957.791009791 0.000000000 
4957.792033359 0.000000000 
4957.793014578 0.000000000 
4957.794018391 0.000000000 
4957.795013027 0.000000000 
4957.796012026 0.000000000 
4957.797006882 0.000000000 
4957.798006674 0.000000000 
4957.799006593 0.000000000 
4957.800020210 0.000000000 
4957.801008812 0.000000000 
4957.802005887 0.000000000 
4957.803005923 0.000000000 
4957.804006135 0.000000000 
4957.805005950 0.000000000 
4957.806005843 0.000000000 
4957.807004778 0.000000000 
4957.808004544 0.000000000 
4957.809004933 0.000000000 
4957.810007571 0.000000000 
4957.811005039 0.000000000 
4957.812004285 0.000000000 
4957.813004140 0.000000000 
4957.814003934 0.000000000 
4957.815004028 0.000000000 
4957.816004631 0.000000000 
4957.817003484 0.000000000 
4957.818003399 0.000000000 
4957.819003392 0.000000000 
4957.820003380 0.000000000 
4957.821003394 0.000000000 
4957.822003046 0.000000000 
4957.823003099 0.000000000 
4957.824003147 0.000000000 
4957.825003441 0.000000000 
4957.826005772 0.000000000 
4957.827004603 0.000000000 
4957.828005289 0.000000000 
4957.829004369 0.000000000 
4957.830003373 0.000000000 
4957.831003137 0.000000000 
4957.832003152 0.000000000 
4957.833003121 0.000000000 
4957.834003098 0.000000000 
4957.835003060 0.000000000 
4957.836003177 0.000000000 
4957.837003040 0.000000000 
4957.838003078 0.000000000 
4957.839003090 0.000000000 
4957.840002989 0.000000000 
4957.841002987 0.000000000 
4957.842002975 0.000000000 
4957.843004501 0.000000000 
4957.844237688 0.000000000 
4957.845217737 0.000000000 
4957.846027619 0.000000000 
4957.847226889 0.000000000 
4957.848220787 0.000000000 
4957.849220851 0.000000000 
4957.850219881 0.000000000 
4957.851218853 0.000000000 
4957.852219246 0.000000000 
4957.853219197 0.000000000 
4957.854222723 0.000000000 
4957.855221830 0.000000000 
4957.856127207 0.000000000 
4957.857217870 0.000000000 
4957.858218843 0.000000000 
4957.859224344 0.000000000 
4957.860019128 0.000000000 
4957.861218929 0.000000000 
4957.862219787 0.000000000 
4957.863013647 0.000000000 
4957.864219153 0.000000000 
4957.865220680 0.000000000 
4957.866218192 0.000000000 
4957.867219385 0.000000000 
4957.868224262 0.000000000 
4957.869217556 0.000000000 
4957.870218847 0.000000000 
4957.871217860 0.000000000 
4957.872224422 0.000000000 
4957.873218267 0.000000000 
4957.874223351 0.000000000 
4957.875218464 0.000000000 
4957.876218733 0.000000000 
4957.877219656 0.000000000 
4957.878222470 0.000000000 
4957.879220296 0.000000000 
4957.880263662 0.000000000 
4957.881214872 0.000000000 
4957.882179410 0.000000000 
4957.883178566 0.000000000 
4957.884028960 0.000000000 
4957.885015003 0.000000000 
4957.886178551 0.000000000 
4957.887166086 0.000000000 
4957.888169999 0.000000000 
4957.889165604 0.000000000 
4957.890163892 0.000000000 
4957.891152756 0.000000000 
4957.892142806 0.000000000 
4957.893006348 0.000000000 
4957.894090605 0.000000000 
4957.895091802 0.000000000 
4957.896078916 0.000000000 
4957.897106252 0.000000000 
4957.898094986 0.000000000 
4957.899059777 0.000000000 
4957.900089838 0.000000000 
4957.901104282 0.000000000 
4957.902101764 0.000000000 
4957.903105800 0.000000000 
4957.904083498 0.000000000 
4957.905094397 0.000000000 
4957.906094312 0.000000000 
4957.907093477 0.000000000 
4957.908083779 0.000000000 
4957.909097103 0.000000000 
4957.910016117 0.000000000 
4957.911097387 0.000000000 
4957.912107253 0.000000000 
4957.913098399 0.000000000 
4957.914097781 0.000000000 
4957.915100744 0.000000000 
4957.916096305 0.000000000 
4957.917018126 0.000000000 
4957.918224228 0.000000000 
4957.919095596 0.000000000 
4957.920291363 0.000000000 
4957.921094507 0.000000000 
4957.922232494 0.000000000 
4957.923096606 0.000000000 
4957.924260302 0.000000000 
4957.925101221 0.000000000 
4957.926233206 0.000000000 
4957.927027705 0.000000000 
4957.928087334 0.000000000 
4957.929037099 0.000000000 
4957.930088790 0.000000000 
4957.931095452 0.000000000 
4957.932153301 0.000000000 
4957.933099025 0.000000000 
4957.934096577 0.000000000 
4957.935098773 0.000000000 
4957.936098830 0.000000000 
4957.937096472 0.000000000 
4957.938214344 0.000000000 
4957.939101613 0.000000000 
4957.940236845 0.000000000 
4957.941103276 0.000000000 
4957.942248738 0.000000000 
4957.943024913 0.000000000 
4957.944073310 0.000000000 
4957.945097724 0.000000000 
4957.946077972 0.000000000 
4957.947099469 0.000000000 
4957.948101767 0.000000000 
4957.949098012 0.000000000 
4957.950218274 0.000000000 
4957.951102143 0.000000000 
4957.952230730 0.000000000 
4957.953097537 0.000000000 
4957.954224512 0.000000000 
4957.955100700 0.000000000 
4957.956230861 0.000000000 
4957.957105851 0.000000000 
4957.958105759 0.000000000 
4957.959104853 0.000000000 
4957.960032926 0.000000000 
4957.961066802 0.000000000 
4957.962097332 0.000000000 
4957.963108318 0.000000000 
4957.964104880 0.000000000 
4957.965097099 0.000000000 
4957.966096719 0.000000000 
4957.967097214 0.000000000 
4957.968103735 0.000000000 
4957.969227540 0.000000000 
4957.970095908 0.000000000 
4957.971227470 0.000000000 
4957.972110251 0.000000000 
4957.973255309 0.000000000 
4957.974105545 0.000000000 
4957.975237197 0.000000000 
4957.976086726 0.000000000 
4957.977032556 0.000000000 
4957.978081425 0.000000000 
4957.979108247 0.000000000 
4957.980101792 0.000000000 
4957.981100461 0.000000000 
4957.982097698 0.000000000 
4957.983097359 0.000000000 
4957.984103547 0.000000000 
4957.985092789 0.000000000 
4957.986091451 0.000000000 
4957.987212837 0.000000000 
4957.988198975 0.000000000 
4957.989105255 0.000000000 
4957.990252180 0.000000000 
4957.991102998 0.000000000 
4957.992248189 0.000000000 
4957.993048919 0.000000000 
4957.994090462 0.000000000 
4957.995108511 0.000000000 
4957.996076428 0.000000000 
4957.997099963 0.000000000 
4957.998107117 0.000000000 
4957.999096669 0.000000000 
4958.000127535 0.000000000 
4958.001025720 0.000000000 
4958.002026599 0.000000000 
4958.003022236 0.000000000 
4958.004061490 0.000000000 
4958.005022769 0.000000000 
4958.006107079 0.000000000 
4958.007107358 0.000000000 
4958.008116553 0.000000000 
4958.009105919 0.000000000 
4958.010030092 0.000000000 
4958.011076940 0.000000000 
4958.012117882 0.000000000 
4958.013100070 0.000000000 
4958.014096180 0.000000000 
4958.015100741 0.000000000 
4958.016149566 0.000000000 
4958.017105883 0.000000000 
4958.018106448 0.000000000 
4958.019236998 0.000000000 
4958.020112410 0.000000000 
4958.021241347 0.000000000 
4958.022105820 0.000000000 
4958.023252606 0.000000000 
4958.024020523 0.000000000 
4958.025016808 0.000000000 
4958.026015175 0.000000000 
4958.027021274 0.000000000 
4958.028015492 0.000000000 
4958.029015390 0.000000000 
4958.030015669 0.000000000 
4958.031014811 0.000000000 
4958.032015502 0.000000000 
4958.033014929 0.000000000 
4958.034018077 0.000000000 
4958.035014915 0.000000000 
4958.036015873 0.000000000 
4958.037015024 0.000000000 
4958.038015049 0.000000000 
4958.039014947 0.000000000 
4958.040019842 0.000000000 
4958.041014754 0.000000000 
4958.042015112 0.000000000 
4958.043015078 0.000000000 
4958.044019227 0.000000000 
4958.045012921 0.000000000 
4958.046012948 0.000000000 
4958.047012818 0.000000000 
4958.048013337 0.000000000 
4958.049013100 0.000000000 
4958.050012865 0.000000000 
4958.051012856 0.000000000 
4958.052008681 0.000000000 
4958.053008213 0.000000000 
4958.054008227 0.000000000 
4958.055008267 0.000000000 
4958.056008197 0.000000000 
4958.057006133 0.000000000 
4958.058005898 0.000000000 
4958.059006032 0.000000000 
4958.060007822 0.000000000 
4958.061006165 0.000000000 
4958.062004818 0.000000000 
4958.063004959 0.000000000 
4958.064004939 0.000000000 
4958.065004791 0.000000000 
4958.066004885 0.000000000 
4958.067004060 0.000000000 
4958.068004247 0.000000000 
4958.069003994 0.000000000 
4958.070004012 0.000000000 
4958.071004009 0.000000000 
4958.072003625 0.000000000 
4958.073003394 0.000000000 
4958.074003353 0.000000000 
4958.075003474 0.000000000 
4958.076003549 0.000000000 
4958.077004476 0.000000000 
4958.078003009 0.000000000 
4958.079002947 0.000000000 
4958.080003191 0.000000000 
4958.081003022 0.000000000 
4958.082003023 0.000000000 
4958.083003002 0.000000000 
4958.084006571 0.000000000 
4958.085002935 0.000000000 
4958.086002970 0.000000000 
4958.087002980 0.000000000 
4958.088003147 0.000000000 
4958.089002943 0.000000000 
4958.090002950 0.000000000 
4958.091002983 0.000000000 
4958.092002513 0.000000000 
4958.093004358 0.000000000 
4958.094003178 0.000000000 
4958.095003052 0.000000000 
4958.096002683 0.000000000 
4958.097003106 0.000000000 
4958.098003075 0.000000000 
4958.099003122 0.000000000 
4958.100099285 0.000000000 
4958.101096175 0.000000000 
4958.102090701 0.000000000 
4958.103095055 0.000000000 
4958.104097827 0.000000000 
4958.105093280 0.000000000 
4958.106095659 0.000000000 
4958.107107594 0.000000000 
4958.108094098 0.000000000 
4958.109100580 0.000000000 
4958.110060863 0.000000000 
4958.111097667 0.000000000 
4958.112098829 0.000000000 
4958.113100712 0.000000000 
4958.114100847 0.000000000 
4958.115097466 0.000000000 
4958.116096384 0.000000000 
4958.117229076 0.000000000 
4958.118102780 0.000000000 
4958.119229158 0.000000000 
4958.120103354 0.000000000 
4958.121233487 0.000000000 
4958.122098993 0.000000000 
4958.123065894 0.000000000 
4958.124240342 0.000000000 
4958.125098697 0.000000000 
4958.126073088 0.000000000 
4958.127061505 0.000000000 
4958.128097386 0.000000000 
4958.129089328 0.000000000 
4958.130090366 0.000000000 
4958.131114613 0.000000000 
4958.132092637 0.000000000 
4958.133088452 0.000000000 
4958.134210918 0.000000000 
4958.135088518 0.000000000 
4958.136220721 0.000000000 
4958.137095180 0.000000000 
4958.138014312 0.000000000 
4958.139228495 0.000000000 
4958.140100797 0.000000000 
4958.141224476 0.000000000 
4958.142094139 0.000000000 
4958.143057479 0.000000000 
4958.144051537 0.000000000 
4958.145087078 0.000000000 
4958.146064373 0.000000000 
4958.147096791 0.000000000 
4958.148102858 0.000000000 
4958.149096148 0.000000000 
4958.150101432 0.000000000 
4958.151095774 0.000000000 
4958.152100906 0.000000000 
4958.153219333 0.000000000 
4958.154097637 0.000000000 
4958.155223604 0.000000000 
4958.156108249 0.000000000 
4958.157244822 0.000000000 
4958.158105459 0.000000000 
4958.159239835 0.000000000 
4958.160033511 0.000000000 
4958.161064831 0.000000000 
4958.162094481 0.000000000 
4958.163098335 0.000000000 
4958.164103378 0.000000000 
4958.165097290 0.000000000 
4958.166102436 0.000000000 
4958.167106315 0.000000000 
4958.168103287 0.000000000 
4958.169215254 0.000000000 
4958.170096861 0.000000000 
4958.171220142 0.000000000 
4958.172165614 0.000000000 
4958.173105135 0.000000000 
4958.174255895 0.000000000 
4958.175107419 0.000000000 
4958.176200562 0.000000000 
4958.177033609 0.000000000 
4958.178064366 0.000000000 
4958.179096208 0.000000000 
4958.180114564 0.000000000 
4958.181105951 0.000000000 
4958.182106202 0.000000000 
4958.183095919 0.000000000 
4958.184222083 0.000000000 
4958.185101141 0.000000000 
4958.186238569 0.000000000 
4958.187102728 0.000000000 
4958.188237130 0.000000000 
4958.189157030 0.000000000 
4958.190250883 0.000000000 
4958.191125196 0.000000000 
4958.192110182 0.000000000 
4958.193026335 0.000000000 
4958.194062300 0.000000000 
4958.195101162 0.000000000 
4958.196074069 0.000000000 
4958.197107750 0.000000000 
4958.198088944 0.000000000 
4958.199100314 0.000000000 
4958.200078033 0.000000000 
4958.201104977 0.000000000 
4958.202193855 0.000000000 
4958.203095643 0.000000000 
4958.204250422 0.000000000 
4958.205162790 0.000000000 
4958.206252838 0.000000000 
4958.207111515 0.000000000 
4958.208107525 0.000000000 
4958.209251139 0.000000000 
4958.210059903 0.000000000 
4958.211084309 0.000000000 
4958.212113500 0.000000000 
4958.213105004 0.000000000 
4958.214105916 0.000000000 
4958.215097585 0.000000000 
4958.216104671 0.000000000 
4958.217105288 0.000000000 
4958.218106876 0.000000000 
4958.219217339 0.000000000 
4958.220112985 0.000000000 
4958.221284098 0.000000000 
4958.222113042 0.000000000 
4958.223248177 0.000000000 
4958.224118304 0.000000000 
4958.225107176 0.000000000 
4958.226032734 0.000000000 
4958.227021697 0.000000000 
4958.228082099 0.000000000 
4958.229083555 0.000000000 
4958.230046182 0.000000000 
4958.231072104 0.000000000 
4958.232045025 0.000000000 
4958.233064546 0.000000000 
4958.234064915 0.000000000 
4958.235103478 0.000000000 
4958.236110344 0.000000000 
4958.237112458 0.000000000 
4958.238101230 0.000000000 
4958.239106384 0.000000000 
4958.240101592 0.000000000 
4958.241106291 0.000000000 
4958.242218095 0.000000000 
4958.243019562 0.000000000 
4958.244086788 0.000000000 
4958.245112940 0.000000000 
4958.246090414 0.000000000 
4958.247106068 0.000000000 
4958.248111288 0.000000000 
4958.249110269 0.000000000 
4958.250101817 0.000000000 
4958.251236987 0.000000000 
4958.252109759 0.000000000 
4958.253243454 0.000000000 
4958.254157465 0.000000000 
4958.255251878 0.000000000 
4958.256119448 0.000000000 
4958.257114551 0.000000000 
4958.258114777 0.000000000 
4958.259115047 0.000000000 
4958.260070286 0.000000000 
4958.261088346 0.000000000 
4958.262105892 0.000000000 
4958.263101044 0.000000000 
4958.264110116 0.000000000 
4958.265105600 0.000000000 
4958.266105578 0.000000000 
4958.267082194 0.000000000 
4958.268104763 0.000000000 
4958.269230404 0.000000000 
4958.270100903 0.000000000 
4958.271239873 0.000000000 
4958.272112799 0.000000000 
4958.273266613 0.000000000 
4958.274110541 0.000000000 
4958.275246469 0.000000000 
4958.276083707 0.000000000 
4958.277055225 0.000000000 
4958.278079478 0.000000000 
4958.279100989 0.000000000 
4958.280020591 0.000000000 
4958.281021083 0.000000000 
4958.282018361 0.000000000 
4958.283017999 0.000000000 
4958.284015587 0.000000000 
4958.285015137 0.000000000 
4958.286015072 0.000000000 
4958.287015277 0.000000000 
4958.288016049 0.000000000 
4958.289015149 0.000000000 
4958.290014924 0.000000000 
4958.291015211 0.000000000 
4958.292015086 0.000000000 
4958.293019643 0.000000000 
4958.294017394 0.000000000 
4958.295015530 0.000000000 
4958.296015287 0.000000000 
4958.297013193 0.000000000 
4958.298012792 0.000000000 
4958.299012877 0.000000000 
4958.300049816 0.000000000 
4958.301015875 0.000000000 
4958.302015081 0.000000000 
4958.303015064 0.000000000 
4958.304016130 0.000000000 
4958.305015305 0.000000000 
4958.306014719 0.000000000 
4958.307009758 0.000000000 
4958.308009229 0.000000000 
4958.309008911 0.000000000 
4958.310012544 0.000000000 
4958.311009175 0.000000000 
4958.312006150 0.000000000 
4958.313006592 0.000000000 
4958.314006372 0.000000000 
4958.315006480 0.000000000 
4958.316006750 0.000000000 
4958.317009259 0.000000000 
4958.318005327 0.000000000 
4958.319005090 0.000000000 
4958.320005203 0.000000000 
4958.321005009 0.000000000 
4958.322004095 0.000000000 
4958.323004156 0.000000000 
4958.324004147 0.000000000 
4958.325004051 0.000000000 
4958.326004012 0.000000000 
4958.327004915 0.000000000 
4958.328003585 0.000000000 
4958.329003527 0.000000000 
4958.330003595 0.000000000 
4958.331003469 0.000000000 
4958.332003241 0.000000000 
4958.333003073 0.000000000 
4958.334003060 0.000000000 
4958.335003102 0.000000000 
4958.336003295 0.000000000 
4958.337002956 0.000000000 
4958.338002953 0.000000000 
4958.339002940 0.000000000 
4958.340004171 0.000000000 
4958.341002870 0.000000000 
4958.342002816 0.000000000 
4958.343010253 0.000000000 
4958.344002954 0.000000000 
4958.345003017 0.000000000 
4958.346003104 0.000000000 
4958.347003527 0.000000000 
4958.348004341 0.000000000 
4958.349003350 0.000000000 
4958.350004053 0.000000000 
4958.351002960 0.000000000 
4958.352002964 0.000000000 
4958.353003009 0.000000000 
4958.354002995 0.000000000 
4958.355002990 0.000000000 
4958.356003089 0.000000000 
4958.357355573 0.000000000 
4958.358216174 0.000000000 
4958.359218232 0.000000000 
4958.360014758 0.000000000 
4958.361257939 0.000000000 
4958.362208806 0.000000000 
4958.363024097 0.000000000 
4958.364243424 0.000000000 
4958.365211763 0.000000000 
4958.366198011 0.000000000 
4958.367209774 0.000000000 
4958.368227196 0.000000000 
4958.369217955 0.000000000 
4958.370218382 0.000000000 
4958.371207024 0.000000000 
4958.372205106 0.000000000 
4958.373215727 0.000000000 
4958.374207989 0.000000000 
4958.375207231 0.000000000 
4958.376027039 0.000000000 
4958.377110309 0.000000000 
4958.378205816 0.000000000 
4958.379192869 0.000000000 
4958.380207568 0.000000000 
4958.381193157 0.000000000 
4958.382192066 0.000000000 
4958.383205736 0.000000000 
4958.384212810 0.000000000 
4958.385205450 0.000000000 
4958.386205098 0.000000000 
4958.387206446 0.000000000 
4958.388193120 0.000000000 
4958.389208609 0.000000000 
4958.390208043 0.000000000 
4958.391207172 0.000000000 
4958.392208404 0.000000000 
4958.393006447 0.000000000 
4958.394212078 0.000000000 
4958.395194185 0.000000000 
4958.396170445 0.000000000 
4958.397153549 0.000000000 
4958.398169198 0.000000000 
4958.399168468 0.000000000 
4958.400171244 0.000000000 
4958.401169815 0.000000000 
4958.402153827 0.000000000 
4958.403266909 0.000000000 
4958.404161401 0.000000000 
4958.405265259 0.000000000 
4958.406145578 0.000000000 
4958.407127622 0.000000000 
4958.408138871 0.000000000 
4958.409128409 0.000000000 
4958.410011504 0.000000000 
4958.411156042 0.000000000 
4958.412114257 0.000000000 
4958.413093378 0.000000000 
4958.414106815 0.000000000 
4958.415107130 0.000000000 
4958.416108363 0.000000000 
4958.417211426 0.000000000 
4958.418092290 0.000000000 
4958.419094077 0.000000000 
4958.420117166 0.000000000 
4958.421091867 0.000000000 
4958.422253442 0.000000000 
4958.423093544 0.000000000 
4958.424293982 0.000000000 
4958.425089474 0.000000000 
4958.426171074 0.000000000 
4958.427021154 0.000000000 
4958.428141448 0.000000000 
4958.429090679 0.000000000 
4958.430087059 0.000000000 
4958.431088694 0.000000000 
4958.432131689 0.000000000 
4958.433096143 0.000000000 
4958.434103799 0.000000000 
4958.435096233 0.000000000 
4958.436222641 0.000000000 
4958.437097970 0.000000000 
4958.438272064 0.000000000 
4958.439103124 0.000000000 
4958.440246757 0.000000000 
4958.441102847 0.000000000 
4958.442244736 0.000000000 
4958.443024021 0.000000000 
4958.444075492 0.000000000 
4958.445102365 0.000000000 
4958.446079191 0.000000000 
4958.447106186 0.000000000 
4958.448106841 0.000000000 
4958.449100723 0.000000000 
4958.450098127 0.000000000 
4958.451020831 0.000000000 
4958.452100225 0.000000000 
4958.453098390 0.000000000 
4958.454097532 0.000000000 
4958.455152310 0.000000000 
4958.456107042 0.000000000 
4958.457107784 0.000000000 
4958.458108432 0.000000000 
4958.459230527 0.000000000 
4958.460044244 0.000000000 
4958.461022095 0.000000000 
4958.462107560 0.000000000 
4958.463097222 0.000000000 
4958.464101083 0.000000000 
4958.465096893 0.000000000 
4958.466097722 0.000000000 
4958.467096133 0.000000000 
4958.468102489 0.000000000 
4958.469097000 0.000000000 
4958.470216119 0.000000000 
4958.471154047 0.000000000 
4958.472111140 0.000000000 
4958.473108080 0.000000000 
4958.474104350 0.000000000 
4958.475107875 0.000000000 
4958.476063357 0.000000000 
4958.477085785 0.000000000 
4958.478102359 0.000000000 
4958.479105792 0.000000000 
4958.480102310 0.000000000 
4958.481096813 0.000000000 
4958.482102644 0.000000000 
4958.483096081 0.000000000 
4958.484104323 0.000000000 
4958.485096331 0.000000000 
4958.486217379 0.000000000 
4958.487096783 0.000000000 
4958.488272722 0.000000000 
4958.489102134 0.000000000 
4958.490242962 0.000000000 
4958.491107091 0.000000000 
4958.492243794 0.000000000 
4958.493075039 0.000000000 
4958.494097926 0.000000000 
4958.495104823 0.000000000 
4958.496087382 0.000000000 
4958.497100925 0.000000000 
4958.498106551 0.000000000 
4958.499101492 0.000000000 
4958.500113625 0.000000000 
4958.501096479 0.000000000 
4958.502216701 0.000000000 
4958.503106472 0.000000000 
4958.504242342 0.000000000 
4958.505162004 0.000000000 
4958.506246529 0.000000000 
4958.507107485 0.000000000 
4958.508159246 0.000000000 
4958.509112259 0.000000000 
4958.510061142 0.000000000 
4958.511087683 0.000000000 
4958.512112254 0.000000000 
4958.513110429 0.000000000 
4958.514106782 0.000000000 
4958.515106280 0.000000000 
4958.516117351 0.000000000 
4958.517106736 0.000000000 
4958.518106410 0.000000000 
4958.519219210 0.000000000 
4958.520114180 0.000000000 
4958.521222163 0.000000000 
4958.522106962 0.000000000 
4958.523224231 0.000000000 
4958.524119132 0.000000000 
4958.525240113 0.000000000 
4958.526096624 0.000000000 
4958.527044950 0.000000000 
4958.528087421 0.000000000 
4958.529119226 0.000000000 
4958.530185047 0.000000000 
4958.531101256 0.000000000 
4958.532112366 0.000000000 
4958.533101486 0.000000000 
4958.534226776 0.000000000 
4958.535102297 0.000000000 
4958.536021456 0.000000000 
4958.537020679 0.000000000 
4958.538017966 0.000000000 
4958.539015198 0.000000000 
4958.540014842 0.000000000 
4958.541014461 0.000000000 
4958.542014331 0.000000000 
4958.543025300 0.000000000 
4958.544020247 0.000000000 
4958.545015890 0.000000000 
4958.546013318 0.000000000 
4958.547016043 0.000000000 
4958.548015802 0.000000000 
4958.549015606 0.000000000 
4958.550015545 0.000000000 
4958.551016384 0.000000000 
4958.552016288 0.000000000 
4958.553015331 0.000000000 
4958.554015911 0.000000000 
4958.555015443 0.000000000 
4958.556017335 0.000000000 
4958.557015721 0.000000000 
4958.558015367 0.000000000 
4958.559015326 0.000000000 
4958.560015690 0.000000000 
4958.561020571 0.000000000 
4958.562016487 0.000000000 
4958.563014168 0.000000000 
4958.564017264 0.000000000 
4958.565013934 0.000000000 
4958.566013733 0.000000000 
4958.567008748 0.000000000 
4958.568009074 0.000000000 
4958.569008971 0.000000000 
4958.570008641 0.000000000 
4958.571008677 0.000000000 
4958.572006281 0.000000000 
4958.573008512 0.000000000 
4958.574005472 0.000000000 
4958.575005138 0.000000000 
4958.576022088 0.000000000 
4958.577007069 0.000000000 
4958.578004884 0.000000000 
4958.579004806 0.000000000 
4958.580004951 0.000000000 
4958.581004865 0.000000000 
4958.582003963 0.000000000 
4958.583004100 0.000000000 
4958.584005690 0.000000000 
4958.585003957 0.000000000 
4958.586004034 0.000000000 
4958.587003475 0.000000000 
4958.588003497 0.000000000 
4958.589003410 0.000000000 
4958.590003444 0.000000000 
4958.591003436 0.000000000 
4958.592003144 0.000000000 
4958.593004534 0.000000000 
4958.594002985 0.000000000 
4958.595002936 0.000000000 
4958.596004837 0.000000000 
4958.597003076 0.000000000 
4958.598003009 0.000000000 
4958.599003015 0.000000000 
4958.600003166 0.000000000 
4958.601003086 0.000000000 
4958.602002957 0.000000000 
4958.603003050 0.000000000 
4958.604003188 0.000000000 
4958.605003022 0.000000000 
4958.606002988 0.000000000 
4958.607003001 0.000000000 
4958.608002946 0.000000000 
4958.609002913 0.000000000 
4958.610004710 0.000000000 
4958.611003087 0.000000000 
4958.612002706 0.000000000 
4958.613003221 0.000000000 
4958.614004697 0.000000000 
4958.615220587 0.000000000 
4958.616219863 0.000000000 
4958.617222728 0.000000000 
4958.618215746 0.000000000 
4958.619222566 0.000000000 
4958.620219872 0.000000000 
4958.621221494 0.000000000 
4958.622218551 0.000000000 
4958.623047690 0.000000000 
4958.624221008 0.000000000 
4958.625217728 0.000000000 
4958.626188690 0.000000000 
4958.627217000 0.000000000 
4958.628218873 0.000000000 
4958.629218530 0.000000000 
4958.630222080 0.000000000 
4958.631219052 0.000000000 
4958.632217670 0.000000000 
4958.633217150 0.000000000 
4958.634216469 0.000000000 
4958.635222545 0.000000000 
4958.636218417 0.000000000 
4958.637218111 0.000000000 
4958.638217240 0.000000000 
4958.639223127 0.000000000 
4958.640220958 0.000000000 
4958.641216642 0.000000000 
4958.642224657 0.000000000 
4958.643019846 0.000000000 
4958.644221099 0.000000000 
4958.645215400 0.000000000 
4958.646194607 0.000000000 
4958.647218026 0.000000000 
4958.648218492 0.000000000 
4958.649217236 0.000000000 
4958.650217071 0.000000000 
4958.651222517 0.000000000 
4958.652201975 0.000000000 
4958.653046271 0.000000000 
4958.654182996 0.000000000 
4958.655182163 0.000000000 
4958.656182859 0.000000000 
4958.657159150 0.000000000 
4958.658289575 0.000000000 
4958.659155257 0.000000000 
4958.660011918 0.000000000 
4958.661171813 0.000000000 
4958.662150910 0.000000000 
4958.663153931 0.000000000 
4958.664153715 0.000000000 
4958.665138596 0.000000000 
4958.666138919 0.000000000 
4958.667128226 0.000000000 
4958.668021285 0.000000000 
4958.669262882 0.000000000 
4958.670179176 0.000000000 
4958.671120871 0.000000000 
4958.672242660 0.000000000 
4958.673095402 0.000000000 
4958.674222887 0.000000000 
4958.675085317 0.000000000 
4958.676171513 0.000000000 
4958.677050943 0.000000000 
4958.678208572 0.000000000 
4958.679082396 0.000000000 
4958.680131528 0.000000000 
4958.681100971 0.000000000 
4958.682298580 0.000000000 
4958.683089955 0.000000000 
4958.684230023 0.000000000 
4958.685088553 0.000000000 
4958.686226550 0.000000000 
4958.687090052 0.000000000 
4958.688271272 0.000000000 
4958.689095919 0.000000000 
4958.690098063 0.000000000 
4958.691099021 0.000000000 
4958.692244357 0.000000000 
4958.693029892 0.000000000 
4958.694067576 0.000000000 
4958.695205228 0.000000000 
4958.696079907 0.000000000 
4958.697220820 0.000000000 
4958.698096119 0.000000000 
4958.699223110 0.000000000 
4958.700106203 0.000000000 
4958.701220040 0.000000000 
4958.702098057 0.000000000 
4958.703104864 0.000000000 
4958.704109036 0.000000000 
4958.705270108 0.000000000 
4958.706104439 0.000000000 
4958.707243407 0.000000000 
4958.708112189 0.000000000 
4958.709106815 0.000000000 
4958.710035830 0.000000000 
4958.711082644 0.000000000 
4958.712116502 0.000000000 
4958.713099083 0.000000000 
4958.714097487 0.000000000 
4958.715094640 0.000000000 
4958.716103127 0.000000000 
4958.717099225 0.000000000 
4958.718097351 0.000000000 
4958.719097320 0.000000000 
4958.720099954 0.000000000 
4958.721222713 0.000000000 
4958.722104456 0.000000000 
4958.723246156 0.000000000 
4958.724125195 0.000000000 
4958.725242354 0.000000000 
4958.726040549 0.000000000 
4958.727025079 0.000000000 
4958.728033875 0.000000000 
4958.729107802 0.000000000 
4958.730096930 0.000000000 
4958.731103414 0.000000000 
4958.732100541 0.000000000 
4958.733100765 0.000000000 
4958.734097809 0.000000000 
4958.735096571 0.000000000 
4958.736100913 0.000000000 
4958.737217785 0.000000000 
4958.738153765 0.000000000 
4958.739107609 0.000000000 
4958.740258238 0.000000000 
4958.741104267 0.000000000 
4958.742244303 0.000000000 
4958.743043202 0.000000000 
4958.744067846 0.000000000 
4958.745107715 0.000000000 
4958.746080434 0.000000000 
4958.747098810 0.000000000 
4958.748110823 0.000000000 
4958.749100520 0.000000000 
4958.750105196 0.000000000 
4958.751096620 0.000000000 
4958.752232286 0.000000000 
4958.753096346 0.000000000 
4958.754214879 0.000000000 
4958.755101048 0.000000000 
4958.756258342 0.000000000 
4958.757112379 0.000000000 
4958.758240502 0.000000000 
4958.759114710 0.000000000 
4958.760111521 0.000000000 
4958.761072836 0.000000000 
4958.762105638 0.000000000 
4958.763102932 0.000000000 
4958.764106893 0.000000000 
4958.765092395 0.000000000 
4958.766105626 0.000000000 
4958.767082288 0.000000000 
4958.768110423 0.000000000 
4958.769096047 0.000000000 
4958.770222963 0.000000000 
4958.771096784 0.000000000 
4958.772287613 0.000000000 
4958.773108324 0.000000000 
4958.774244362 0.000000000 
4958.775112239 0.000000000 
4958.776238576 0.000000000 
4958.777039396 0.000000000 
4958.778115074 0.000000000 
4958.779103228 0.000000000 
4958.780110036 0.000000000 
4958.781108661 0.000000000 
4958.782108906 0.000000000 
4958.783105884 0.000000000 
4958.784112328 0.000000000 
4958.785106289 0.000000000 
4958.786230725 0.000000000 
4958.787097247 0.000000000 
4958.788245334 0.000000000 
4958.789117292 0.000000000 
4958.790254122 0.000000000 
4958.791114764 0.000000000 
4958.792020686 0.000000000 
4958.793021752 0.000000000 
4958.794017637 0.000000000 
4958.795013542 0.000000000 
4958.796073269 0.000000000 
4958.797013438 0.000000000 
4958.798012801 0.000000000 
4958.799012522 0.000000000 
4958.800040858 0.000000000 
4958.801019010 0.000000000 
4958.802015701 0.000000000 
4958.803015759 0.000000000 
4958.804016253 0.000000000 
4958.805015978 0.000000000 
4958.806015442 0.000000000 
4958.807015551 0.000000000 
4958.808016043 0.000000000 
4958.809013368 0.000000000 
4958.810016814 0.000000000 
4958.811014690 0.000000000 
4958.812044818 0.000000000 
4958.813017685 0.000000000 
4958.814017349 0.000000000 
4958.815017442 0.000000000 
4958.816017394 0.000000000 
4958.817014379 0.000000000 
4958.818013589 0.000000000 
4958.819013750 0.000000000 
4958.820015525 0.000000000 
4958.821011812 0.000000000 
4958.822007399 0.000000000 
4958.823007309 0.000000000 
4958.824018237 0.000000000 
4958.825009357 0.000000000 
4958.826007026 0.000000000 
4958.827011429 0.000000000 
4958.828015771 0.000000000 
4958.829008719 0.000000000 
4958.830027015 0.000000000 
4958.831011582 0.000000000 
4958.832005766 0.000000000 
4958.833008561 0.000000000 
4958.834004855 0.000000000 
4958.835004861 0.000000000 
4958.836005268 0.000000000 
4958.837004030 0.000000000 
4958.838004290 0.000000000 
4958.839004270 0.000000000 
4958.840004621 0.000000000 
4958.841004029 0.000000000 
4958.842003575 0.000000000 
4958.843006085 0.000000000 
4958.844004215 0.000000000 
4958.845003524 0.000000000 
4958.846026373 0.000000000 
4958.847004057 0.000000000 
4958.848003030 0.000000000 
4958.849003020 0.000000000 
4958.850002936 0.000000000 
4958.851002799 0.000000000 
4958.852003215 0.000000000 
4958.853003036 0.000000000 
4958.854003146 0.000000000 
4958.855003073 0.000000000 
4958.856003079 0.000000000 
4958.857003045 0.000000000 
4958.858003094 0.000000000 
4958.859002328 0.000000000 
4958.860004664 0.000000000 
4958.861003013 0.000000000 
4958.862003095 0.000000000 
4958.863003168 0.000000000 
4958.864003096 0.000000000 
4958.865003136 0.000000000 
4958.866003085 0.000000000 
4958.867003510 0.000000000 
4958.868003228 0.000000000 
4958.869003293 0.000000000 
4958.870218237 0.000000000 
4958.871220964 0.000000000 
4958.872220042 0.000000000 
4958.873220908 0.000000000 
4958.874216494 0.000000000 
4958.875217601 0.000000000 
4958.876184099 0.000000000 
4958.877004183 0.000000000 
4958.878012410 0.000000000 
4958.879013549 0.000000000 
4958.880220141 0.000000000 
4958.881216607 0.000000000 
4958.882218767 0.000000000 
4958.883216853 0.000000000 
4958.884003392 0.000000000 
4958.885087994 0.000000000 
4958.886092936 0.000000000 
4958.887096104 0.000000000 
4958.888092395 0.000000000 
4958.889089807 0.000000000 
4958.890087392 0.000000000 
4958.891095256 0.000000000 
4958.892097308 0.000000000 
4958.893003943 0.000000000 
4958.894094824 0.000000000 
4958.895105001 0.000000000 
4958.896120683 0.000000000 
4958.897221371 0.000000000 
4958.898225046 0.000000000 
4958.899219491 0.000000000 
4958.900220118 0.000000000 
4958.901219775 0.000000000 
4958.902097112 0.000000000 
4958.903358519 0.000000000 
4958.904069365 0.000000000 
4958.905223139 0.000000000 
4958.906222226 0.000000000 
4958.907221273 0.000000000 
4958.908222118 0.000000000 
4958.909222296 0.000000000 
4958.910014613 0.000000000 
4958.911259271 0.000000000 
4958.912208155 0.000000000 
4958.913022865 0.000000000 
4958.914184200 0.000000000 
4958.915178827 0.000000000 
4958.916061096 0.000000000 
4958.917153587 0.000000000 
4958.918171747 0.000000000 
4958.919154407 0.000000000 
4958.920184317 0.000000000 
4958.921152563 0.000000000 
4958.922130503 0.000000000 
4958.923127302 0.000000000 
4958.924156710 0.000000000 
4958.925127726 0.000000000 
4958.926064622 0.000000000 
4958.927129099 0.000000000 
4958.928143121 0.000000000 
4958.929115182 0.000000000 
4958.930113462 0.000000000 
4958.931119967 0.000000000 
4958.932122712 0.000000000 
4958.933092388 0.000000000 
4958.934226650 0.000000000 
4958.935113588 0.000000000 
4958.936267604 0.000000000 
4958.937100092 0.000000000 
4958.938245255 0.000000000 
4958.939100110 0.000000000 
4958.940247855 0.000000000 
4958.941102662 0.000000000 
4958.942234985 0.000000000 
4958.943014620 0.000000000 
4958.944017750 0.000000000 
4958.945089843 0.000000000 
4958.946063384 0.000000000 
4958.947089603 0.000000000 
4958.948091798 0.000000000 
4958.949090110 0.000000000 
4958.950096733 0.000000000 
4958.951090211 0.000000000 
4958.952101930 0.000000000 
4958.953219111 0.000000000 
4958.954079917 0.000000000 
4958.955221520 0.000000000 
4958.956108183 0.000000000 
4958.957242125 0.000000000 
4958.958104239 0.000000000 
4958.959256473 0.000000000 
4958.960037679 0.000000000 
4958.961023106 0.000000000 
4958.962103794 0.000000000 
4958.963102838 0.000000000 
4958.964110452 0.000000000 
4958.965102833 0.000000000 
4958.966108200 0.000000000 
4958.967102476 0.000000000 
4958.968108254 0.000000000 
4958.969105275 0.000000000 
4958.970253449 0.000000000 
4958.971105233 0.000000000 
4958.972250734 0.000000000 
4958.973099737 0.000000000 
4958.974101780 0.000000000 
4958.975105047 0.000000000 
4958.976036908 0.000000000 
4958.977036163 0.000000000 
4958.978082455 0.000000000 
4958.979100761 0.000000000 
4958.980098981 0.000000000 
4958.981095452 0.000000000 
4958.982098195 0.000000000 
4958.983095886 0.000000000 
4958.984100978 0.000000000 
4958.985097232 0.000000000 
4958.986097746 0.000000000 
4958.987097668 0.000000000 
4958.988100680 0.000000000 
4958.989109464 0.000000000 
4958.990103456 0.000000000 
4958.991105182 0.000000000 
4958.992106491 0.000000000 
4958.993019548 0.000000000 
4958.994020870 0.000000000 
4958.995105589 0.000000000 
4958.996081677 0.000000000 
4958.997103780 0.000000000 
4958.998105211 0.000000000 
4958.999103473 0.000000000 
4959.000133179 0.000000000 
4959.001022960 0.000000000 
4959.002021244 0.000000000 
4959.003018975 0.000000000 
4959.004056720 0.000000000 
4959.005017537 0.000000000 
4959.006034203 0.000000000 
4959.007041636 0.000000000 
4959.008197476 0.000000000 
4959.009172171 0.000000000 
4959.010143926 0.000000000 
4959.011182521 0.000000000 
4959.012171031 0.000000000 
4959.013160972 0.000000000 
4959.014161446 0.000000000 
4959.015159063 0.000000000 
4959.016162849 0.000000000 
4959.017139037 0.000000000 
4959.018143116 0.000000000 
4959.019255783 0.000000000 
4959.020142356 0.000000000 
4959.021256279 0.000000000 
4959.022122932 0.000000000 
4959.023258615 0.000000000 
4959.024127832 0.000000000 
4959.025255208 0.000000000 
4959.026062472 0.000000000 
4959.027059490 0.000000000 
4959.028098817 0.000000000 
4959.029095217 0.000000000 
4959.030093741 0.000000000 
4959.031095542 0.000000000 
4959.032130759 0.000000000 
4959.033091069 0.000000000 
4959.034094366 0.000000000 
4959.035098944 0.000000000 
4959.036225525 0.000000000 
4959.037089292 0.000000000 
4959.038253420 0.000000000 
4959.039101294 0.000000000 
4959.040236485 0.000000000 
4959.041093277 0.000000000 
4959.042239442 0.000000000 
4959.043027096 0.000000000 
4959.044085788 0.000000000 
4959.045097934 0.000000000 
4959.046073695 0.000000000 
4959.047101190 0.000000000 
